36

11111 211111111111111 1111111 1111 1111111111 1864 111 gum 1111111 1865.

1116111115111111 1111 2111111111. 111 gum 29. 6111111111 c.

1111 11111111111111111 1111 111 1111111 1111111111 111 11111111 111111111111111.

Die 1111111111111111 1111111111 11111ἕ1111111 111 111 11111 in 11111 11111111.

111119.111111111 1. 11111111 Ε111111 111 1111111, gu 1111111111 11111 1111 &iugera
11111 11111111111161111111, 111111111. 111 111111, 1. 1111111 111 311111,
111111ῧ1111111111 111 1111111111, 1. 111111111111 111 111111, 1111111111111
111 111111111111, 111111 1111111111111, 1111111111. 111 1111111, 11111 1. 11111
11111111111111111111111. 1..1111111111111111111111111111111111. 1111111111 11111111
111111 1111111 11111 1111111111 111 1111111111 1111111111 11111.

1111 2111111111 1111111 11111 1111 1111111111 111111111111111111111111111 6111111

7111111111111 1111111111 11111111 111 am 21. 1111111111 3111111111111111111111 11111111
1111 1111111111.
s 1111 22. 111111 111111 1111111111111 &einer 1111111111 111111111111111111111111,
1111 im 1111111 1111111111 6111111111111. 11111 111111 111111 111 111111 111111111111
gen. 11111 11111111 11111 11111111. 111111111111111 111111 111111111111111. 111
11111111, 1. 1111111 111 311111, 1111111111 1. 111 1111111. 1111111111 1111111 11111111
- 1111111 111181111111111 111 11111111.

1111 11111111111111111 11111111 9ῶ111111 1111111111 111 1111111111 1111 1111111111
11111111111111111111111111111111111 1111111111 11111111111111111. (1111111111 1111
11111 1111111111 1111111111 111 111 1111111 1111111111 61111111 111 11111111111111111.

1911 11111111111111, 111 1111 1111111111 111 1111111111111 11111111, 1111111111111
&hiller in 11111 11111111. ·

1111 12. 1111111111 1111111 11111 1111 1111111111 111 11111 1111111111111111111
6111111 71111111111111 1111111111 11111111 111111 13. 11111111 1113111111111 111 111111
111 111111111111 1111111111.

1111 11Θ1111111111111111111111 111 111111111111111 111 111111 1111111111 1111111111
111 11111111, 111 111111 1111111111111111111 111111 1111111111 111 1111111111 111
111 111111 111111111111111 111111 11111111. 1111 1111111111111 11111 1111111111111111111,
11111. 1111111111. 11111111111111111111 1111111111

1111111111111111111 11111111 1611111111 111 (ἓ1111111111111 111

(11111111111111111111111111,
1111 111 1111111111 11111111111111 111 111111.
Ὧ11Θ11111111111111 1111111 1111111111
1111 1111111111 1. 6111111 111 1111111111,
111 <ὕ1111111111 1. 1111111111 111 11111111,
1. 1111111111ῐί 111 1111111111,
1. 11111 1111 &ungara
111 1111 1111111111 1. 111111 1111111111. ’

 

