) 11111111 111 111111.
) 1. 1111111111 111 111111 111 1111111111.
) 1111111111 11111111.
01) 1111111111111111111111.
11) 1. 10111111 111. 1111111111 111 111111.
12)1 1111111111 1111 11111111 1111.
13) 3)11ι1ι1111111 111 1111111111 1111111111111111.Θ1ι111.
11) 11111111 11. 1111111111 111 (17111111
15) 1111111111111 111 11111111 1111111111 111 111 0111111.
16)1111111111111Ε1.1111111, 111111111111111111. 1611111111.
17)1 11.111111111 1111111111111111111111 1111111111 111 11111. 111111111.
18) 11111111 111 11111111.
19) 6111111.11111111111111111111111111 (1111111111 11111111 111 Dr. 11111111.
20) (1111 11. 1111111111Π1111111111111 111111111111111111111.

22} 1 3313} {L } ‘¹¹¹³ 33¹⁸stss-

23) 1 61111111 111111111111111).

21) 1 01111 111 11111111 111

25) 1 1111111111 11 11111111111111.
)111111111111111111,11111111111111111.111111111.

27) (111111. 1111111 111. 111 1111111111 111 11111111, 11111111 111 1111111111

811 Quarta: .

1) 1. 111111 111 11111111111111111111111.

2) 11111111 1111111 111 11111111 1111111111.

3) 11111111111111111. “

4) 1111111111. 11111111111111 111 1111111111.

5) 1. 31111111 11. 111 1111111111.

6) 1. 1111111 111 3111.

7) 1. 1111111111 1v. 111 11111111. v

8) 1. 1111111) 111 1111111111 111 1111111111, 1111111111 11111111. 111111.

9) 1. 1111111 111. 1110111111111 111 1111111, 1111111111 111 11111. 111111111.
10) 1. 1111111 11. 111 11111111 111 1111111, 1111111111111. 1111111111.

-ψ

 

