Quarta.
(9111111111 Dr. 1111111111.)

1111111111. 1111111111 (1111111111 111111 1111111111 1111111111. 11111111111111111
,1111111 5111111111 1111111111 111011111ῑί111. 2ῶ1. Burghardt.

ῖῡ11111). 11111111 111111111111111 1111111111111111111111 111 11111111. 11111111
1111111 111 1111111111 111 1111111111. 11111111 111 1111111111 111111111111 111 1111111111
1111111111. 2Θ1. Steudener Π.

1111111111). 0111111111111 1111111111 Μ111111111111111111Ρ111111111. 81111111 11111.
poet. 11111 11111111 1111 111111111111111111111111111 111 ἳῦ11111111. 1111111111 111 1111111111
11111, 1111111111 betGafufla 1111111111 111111111111111 11111111 111 611111. 111111111ῐὶ111
111111111111111111 11111111. 6111111. &temporatim 11111111111ῧ1. Steudener Π.

1111111111 dp. 111111111111111111111111 1111 1111111 111 11 1111 1111111 111 fii 1111.;
1111111111 1111111111 11111111111111, [omit 1111 1111111 11111111111111111. 11111 8 1111
1111111111111111111111111111. 661. Hocine.

1111111111 (1. 11111111111111 11111111111, 1111111111111, 11111. 30-91,
111111111111111 111 1111111111(1111111111111111111111 11111. 1-70. 1111111111111111 111
1111111111. 1111111111(1111111Χ11.111111111111,1.Ι11.1111 11111. 2151. Bouterwek.
' 1111111111. 1111 Θ111111111111111111 1111 1111111, 111111 1111111111111.

0 3 &t Bouterwek.

1111111111. sm 11111111 (1111111111 111 1111111111 (1111111111. 3151. Bouterwek.

11111111111. 11111 1111 1111 111111111111 111 111111111111 11 3111111 11111111
11111111111111111111111111111111. 111111111111111. ’ 361 111111.
§Ocu 1111111111 111 1111111111 1111111111 {mr Dr. 111111 1111111111,
n n n Stolieuim'm n n n u n
,, ,, 311111111119111911111111111111111-
11 1111 111111τὶ111 1111111 11111111 61111111 1111111111
1111111 111 1111 1111111111 111 81111111111111-
,, ,, 11111111111111111111(1111111111ῇ1.11111111111,
,, ,, 1111111111111111111111111111,
, ,, ,, 1111111111111311111111111111111111,
,, 1 ,, 111111111111111111111111111111111111111111 1111111111, spen
' 1111111111 1111.

0
11111 1111111εῧ1111111.
wie 1111111111 11111 11111111 31111 1111111111 1111111111 11 111111111111111 1111111111,
[o 111 111111111111111111111111111111 1311111 1111111111. - 111111 11111 1111111111 111.
1.11. 111 1111 111111 111 1111111111, &iton 111 11111111.

4*

 

