30

1166616611 16666666

1) 616 6661166666 666 Steph. Thes. linguae gr„ - 666 66161166 6661166. 1816
1666666, - 666 66661616 666661. 666 (66616666666611666616161661666. 2) 6116616
6666616166 fiir 1864. 3) 616166, 6616161631666, 1666. 66116 1865. 4) 66616666
gen 3ur 6661166666 6616616616, 66.1-4. 6161116666. 5) 6661166, 6666666616 (affrica
6666616666, 1. 66. 1616616 1862. 6) 1111166, 11611. 1161616666666 1666 616 11661166 bet
6166166 666 61161166661666 666 816166. 6661161863. 7) 616166, 6616666166666166
666 1116666616. 8616616 1861. 8) 161616 666 61611166 666616166661. 7666. 1616616
1856-59. 1616666, 666 86666 6661166666. 1666. 6661161865. 10) 661666
116666, 31661 6666611666 1616166666616661116. 11616616 1860. 11) 1166166666 1116116666
6666161611. 1666. 6661161864. 12) L. Muelleri‚ de re metrica 1. VII. Lips. 1861.
13) Lueretius ed. Lachmann. Berol. 1850. 14) Mommsen, Corpus Inscript. Latin.
Vol. 1. Berol.1863. 15) 161616, 666 616666 6666166166 16 16666666. 6661161864.
16) 6666661616, 6666666111666. OEbors 666 (6666166666166666. 8161. 1-4. 6166
1166661865. 17) 1116616, 11661. 6616616616 5666. 6661161865. 18) 6611666116
1666166661616166661886666. 3, 2. 6661161861. 19) 66661666, 6616616616 666 19.
66666. 66. 7. 1616616 1865. 26) 866, 6661616666611166616 6161661616666 66611666
661166 666 11616666. 66. 4. 66116 1865. 21) 666666, 6116616666661166661666166666
11. 2, 2-3. 8616616 1864. 22) 36661166666166616 66 616666666111166. 616166. 66. 1.
6661161865. 23) 6166166, 6161666611166 1166666666. 6666616616 1865. 24) 66666
16161, 11666666. ,56 66. 616116. 1864. 25) 6161666666, 11166666666616116666661661ί
166666666161166666 666 31166. 61666661 1864.

..-Μ-

166661666666 661 6111166166666 166 616161. 66616166.

a) 6616666666.
1864.

1) 616 61116611666161166666 6666611666 666 66666666661166166616 11666666 666 666
66666 6166616666 66666616666666616 11661616 16166 gut 1161666666 6116616 6161161661
6666666166. 11. 16. Q 8. 661.

2) 6616116666 iiber 6161661666 6666166166 666 666666 6666166616, 616 666 bet 61611·
[ung pro facultate docendi 6616616666) in einer 6666666 8666666611 66166666 66666,
6666166116 6661661 66661161 666 66661 616 6661116666 6666666666 1666666, hurd> 1661666 66666
6616666666 6666666166 iit. 6. 6. 6. 1. 6166.

3) 616 3661666 15661166, 1661666 666 14. 8666661666 6666 61661 66661661 66666, 1611
66161666 6666616666 6661616666666661616166 1666666. 6. 16. 6. 7. 1166.

 

